1392 64896 15712
1408 64784 15792
1408 64784 15792
1424 64848 15776
1360 64960 15712
1184 64848 15664
1184 64848 15664
1184 64848 15664
1184 64848 15664
1184 64848 15664
1216 64816 15728
1216 64816 15728
1216 64816 15728
1232 64784 15680
1232 64784 15680
1232 64784 15680
1264 64816 15728
1312 65008 15680
1312 65008 15680
1376 64992 15712
1360 64864 15792
1440 64832 15744
1440 64832 15744
1424 64800 15712
1424 64800 15712
1344 64784 15696
1360 64848 15760
1360 64848 15760
1344 64928 15648
1344 64928 15648
1312 64928 15712
1248 64848 15760
1248 64832 15776
1248 64832 15776
1264 64832 15792
1264 64832 15792
1248 64800 15744
1312 64800 15888
1280 64816 15792
1280 64816 15792
1280 64896 15680
1280 64896 15680
1312 64960 15760
1360 64896 15856
1328 64896 15776
1328 64896 15776
1344 64864 15760
1344 64864 15760
1360 64896 15776
1408 64880 15728
1408 64880 15728
1376 64848 15760
1376 64848 15760
1344 65024 15680
1232 65056 15568
1232 65056 15568
1232 64992 15648
1312 64944 15728
1248 64896 15696
1248 64896 15696
1200 64848 15632
1200 64848 15632
1296 64864 15696
1296 64864 15696
1248 64832 15840
1392 64848 15920
1392 64848 15920
1376 64864 15728
1376 64864 15728
1360 64848 15872
1296 64832 15776
1312 64880 15760
1312 64880 15760
1360 64832 15840
1360 64832 15840
1456 64800 15840
1376 64784 15808
1392 64848 15776
1392 64848 15776
1408 64832 15840
1408 64832 15840
1344 64784 15824
1376 64816 15824
1376 64800 15744
1376 64800 15744
1392 64880 15808
1344 64896 15776
1344 64896 15776
1392 64928 15680
1392 64928 15680
1392 64832 15664
1392 64832 15664
1408 64864 15856
1472 64864 15808
1472 64864 15808
1360 64848 15760
1328 64912 15696
1360 64912 15760
1360 64912 15760
1424 64912 15936
1424 64912 15936
1392 64912 15808
1392 64912 15808
1456 64944 15856
1360 64944 15856
1360 64944 15856
1360 64960 15856
1360 64960 15856
1344 64896 15744
1376 64848 15696
1360 64896 15664
1360 64896 15664
1248 64832 15664
1248 64832 15664
1312 64848 15760
1312 64912 15840
1312 64912 15840
1312 64896 15904
1312 64896 15904
1328 64880 15824
1328 64880 15824
1328 64800 15824
1328 64800 15824
1296 64832 15648
1296 64832 15648
1280 64912 15760
1296 64992 15776
1296 64992 15776
1296 64960 15696
1296 64960 15696
1328 64864 15856
1328 64864 15856
1328 64816 15856
1392 64848 15792
1328 64960 15840
1328 64960 15840
1280 64864 15824
1344 64896 15760
1344 64896 15760
1328 64912 15680
1328 64912 15680
1344 64896 15712
1344 64896 15712
1360 64896 15808
1344 64832 15856
1344 64832 15856
1280 64800 15760
1280 64800 15760
1280 64816 15664
1280 64816 15664
1296 64800 15680
1296 64800 15680
1248 64912 15680
1248 64912 15680
1264 64880 15760
1280 64960 15600
1280 64960 15600
1360 64928 15648
1360 64928 15648
1376 64864 15680
1328 64832 15824
1328 64880 15680
1328 64880 15680
1344 64976 15712
1344 64976 15712
1424 64928 15920
1408 64912 15792
1408 64912 15792
1360 64928 15680
1360 64928 15680
1328 64912 15712
1328 64912 15712
1296 64848 15776
1296 64848 15776
1328 64880 15744
1328 64880 15744
1328 64832 15680
1248 64784 15776
1296 64752 15776
1328 64880 15728
1328 64880 15728
1280 64896 15760
1296 64928 15824
1360 64960 15792
1360 64960 15792
1376 64928 15904
1344 64848 15856
1344 64848 15856
1424 64880 15776
1424 64880 15776
1296 64880 15840
1344 64864 15712
1344 64864 15712
1360 64864 15808
1328 64816 15824
1328 64816 15824
1344 64880 15808
1344 64880 15808
1344 64880 15808
1296 64928 15760
1296 64928 15760
1296 64928 15760
1344 64944 15808
1312 64960 15792
1280 64912 15856
1280 64912 15856
1296 64896 15904
1296 64896 15904
1328 64832 15888
1328 64880 15776
1328 64880 15776
1200 64880 15856
1200 64880 15856
1264 64832 15952
1264 64832 15952
1296 64944 15824
1296 64944 15824
1360 64864 15792
1360 64864 15792
1360 64768 15712
1312 64784 15680
1312 64784 15680
1280 64880 15648
1280 64880 15648
1344 64960 15696
1296 64992 15808
1344 64912 15760
1344 64912 15760
1328 64896 15664
1312 64928 15728
1312 64928 15728
1312 64832 15776
1312 64832 15776
1280 64816 15712
1280 64816 15712
1344 64816 15760
1376 64880 15760
1376 64880 15760
1344 64928 15792
1392 64896 15872
1392 64896 15872
1280 64864 15792
1328 64832 15840
1328 64864 15776
1344 64880 15792
1344 64880 15792
1344 64864 15760
1344 64864 15760
1312 64848 15760
1328 64912 15712
1328 64912 15712
1344 64944 15712
1312 64992 15840
1312 64992 15840
1200 64944 15872
1200 64944 15872
1216 64928 15776
1248 64864 15808
1248 64864 15808
1296 64880 15776
1296 64880 15776
1312 64896 15776
1376 64864 15808
1296 64912 15776
1296 64912 15776
1360 64896 15856
1360 64896 15856
1376 64864 15808
1376 64864 15808
1376 64896 15728
1456 64912 15792
1456 64912 15792
1408 64944 15712
1376 64928 15792
1376 64928 15792
1312 64864 15792
1328 64864 15744
1328 64864 15744
1360 64976 15664
1360 64976 15664
1392 64848 15712
1408 64912 15696
1408 64912 15696
1392 64880 15696
1392 64880 15696
1424 64816 15952
1296 64960 15888
1296 64960 15888
1264 64816 15840
1296 64816 15776
1328 64800 15744
1328 64800 15744
1296 64896 15728
1296 64896 15728
1296 64880 15696
1296 64880 15696
1312 64848 15712
1296 64816 15728
1408 64896 15760
1408 64896 15760
1312 64864 15776
1360 64848 15632
1296 64944 15744
1296 64944 15744
1344 64912 15712
1344 64912 15712
1344 64912 15680
1456 64912 15792
1456 64912 15792
1328 64912 15792
1328 64912 15792
1312 64912 15760
1312 64848 15856
1360 64896 15808
1360 64896 15808
1392 64944 15792
1392 64944 15792
1312 64960 15744
1232 64848 15792
1280 64912 15744
1280 64912 15744
1280 64912 15744
1296 64944 15904
1344 64960 15872
1344 64960 15872
1280 64960 15712
1328 64960 15744
1328 64960 15744
1360 64912 15744
1360 64976 15824
1360 64976 15824
1344 65008 15744
1344 65008 15744
1376 64880 15744
1328 64848 15728
1344 64896 15712
1344 64896 15712
1376 64848 15664
1376 64848 15664
1392 64768 15712
1424 64832 15728
1424 64832 15728
1344 64816 15744
1344 64816 15744
1344 64816 15600
1296 64880 15728
1296 64880 15728
1392 64928 15840
1456 64928 15808
1424 64896 15760
1424 64896 15760
1456 64880 15792
1456 64880 15792
1424 64816 15904
1424 64816 15904
1424 64848 15952
1424 64720 15920
1424 64720 15920
1472 64800 15872
1472 64800 15872
1472 64816 15872
1360 64880 15648
1392 64912 15712
1392 64912 15712
1424 64896 15776
1424 64896 15776
1264 64928 15712
1296 64848 15664
1296 64848 15664
1248 64832 15696
1248 64832 15696
1328 64864 15680
1328 64864 15680
1344 64864 15808
1344 64864 15808
1280 64848 15792
1280 64848 15792
1328 64912 15744
1328 64912 15744
1408 64896 15744
1408 64752 15840
1408 64752 15840
1344 64816 15904
1344 64816 15904
1344 64816 15904
1424 64864 15760
1360 64800 15728
1360 64800 15728
1344 64864 15728
1296 64800 15648
1296 64800 15648
1312 64928 15680
1344 64896 15760
1344 64896 15760
1424 64864 15680
1424 64864 15680
1440 64880 15664
1392 64944 15568
1392 64944 15568
1392 64880 15680
1360 64896 15776
1360 64896 15776
1216 64864 15760
1216 64864 15760
1248 64816 15824
1312 64912 15792
1312 64912 15792
1376 64928 15744
1376 64928 15744
1376 64960 15792
1312 64864 15632
1408 64896 15696
1408 64896 15696
1408 64880 15712
1408 64880 15712
1312 64944 15792
1328 64944 15712
1328 64944 15712
1280 64944 15872
1280 64944 15872
1296 64864 15936
1312 64848 15840
1312 64896 15856
1312 64896 15856
1232 64896 15808
1216 64912 15808
1216 64912 15808
1264 64960 15840
1392 64960 15792
1392 64960 15792
1392 64960 15792
1376 64928 15744
1344 64992 15808
1344 64896 15712
1344 64896 15712
1360 64864 15808
1424 64864 15808
1424 64864 15808
1424 64864 15808
1456 64896 15808
1456 64896 15808
1440 64848 15808
1440 64848 15808
1376 64880 15792
1280 64928 15760
1264 64816 15712
1264 64816 15712
1328 64912 15712
1328 64912 15712
1376 64944 15712
1360 64960 15904
1360 64960 15904
1376 64928 15872
1376 64928 15872
1280 64944 15840
1296 64848 15808
1296 64848 15808
1312 64784 15808
1216 64848 15808
1328 64896 15824
1328 64896 15824
1280 64880 15760
1280 64880 15760
1248 64816 15792
1248 64816 15792
1296 64816 15808
1296 64896 15824
1296 64896 15824
1328 64944 15856
1328 64944 15856
1392 64880 15808
1376 64976 15792
1328 64976 15776
1328 64976 15776
1296 64896 15760
1360 64928 15792
1360 64928 15792
1296 64928 15792
1296 64928 15792
1328 64912 15760
1328 64912 15760
1424 64864 15792
1424 64864 15792
1360 64880 15632
1328 64864 15696
1328 64864 15696
1328 64864 15696
1232 64800 15696
1280 64784 15696
1280 64784 15696
1312 64848 15792
1312 64848 15792
1312 64768 15808
1312 64768 15808
1280 64864 15712
1344 64832 15696
1376 64864 15696
1376 64864 15696
1440 64896 15792
1440 64896 15792
1392 64912 15776
1392 64896 15696
1392 64896 15696
1392 64896 15696
1376 64912 15776
1376 64912 15776
1360 64864 15744
1360 64864 15744
1360 64864 15744
1360 64864 15744
1344 64880 15856
1344 64880 15856
1344 64880 15856
1328 64880 15984
1328 64880 15984
1296 64864 15936
1296 64864 15936
1296 64864 15936
1312 64896 15856
1264 64864 15808
1264 64864 15808
1392 64912 15904
1392 64912 15904
1312 64896 15872
1312 64896 15872
1328 64896 15696
1328 64896 15696
1344 64880 15792
