65434 448 55
65434 448 54
65433 447 56
65435 447 57
65435 449 55
65435 448 54
65435 448 54
65434 449 55
65433 446 55
65433 446 55
65434 448 56
65434 448 56
65434 448 56
65436 446 54
65436 446 54
65434 447 54
65437 448 56
65434 449 55
65436 444 55
65434 447 58
65436 445 56
65434 448 56
65433 447 56
65434 445 56
65434 448 55
65434 447 54
65435 448 52
65435 447 56
65434 447 56
65433 447 56
65434 446 56
65433 449 57
65434 451 57
65433 448 55
65435 447 54
65434 447 58
65433 448 56
65434 449 56
65435 448 55
65435 449 56
65437 447 54
65431 448 54
65434 452 58
65437 447 54
65433 446 55
65433 445 54
65433 449 57
65436 447 53
65436 450 57
65435 446 55
65435 447 54
65435 448 55
65433 446 57
65435 447 56
65432 448 56
65436 447 54
65437 448 56
65433 448 55
65435 448 56
65434 450 55
65431 445 55
65437 447 55
65435 447 57
65433 447 55
65432 448 54
65433 445 54
65432 448 58
65435 446 55
65433 448 56
65432 447 56
65433 447 56
65435 446 53
65433 446 55
65433 447 55
65435 449 57
65433 449 56
65432 448 56
65436 448 56
65435 448 54
65434 449 57
65434 446 55
65435 447 55
65432 446 52
65432 446 55
65433 446 58
65434 447 52
65433 446 56
65435 444 55
65433 447 54
65432 448 55
65433 446 57
65432 448 57
65436 444 55
65434 449 56
65435 447 56
65434 448 55
65436 450 55
65435 446 56
65434 448 56
65433 448 55
65432 447 56
65436 448 54
65435 445 56
65432 446 56
65434 447 55
65436 447 53
65432 446 55
65435 446 57
65435 448 54
65435 446 55
65432 448 54
65433 448 56
65434 444 54
65438 445 57
65436 447 56
65434 448 58
65435 447 55
65434 447 55
65435 446 55
65435 449 55
65438 448 56
65434 447 54
65434 450 56
65434 447 56
65434 448 54
65434 447 56
65433 446 54
65437 448 55
65433 449 55
65434 449 56
65433 448 55
65436 446 56
65433 446 55
65434 447 56
65434 446 53
65434 445 57
65434 449 54
65434 449 54
65437 449 55
65432 447 55
65434 448 56
65435 448 56
65433 446 54
65435 448 54
65435 446 57
65435 447 52
65434 447 56
65436 448 56
65433 448 56
65435 449 57
65435 450 58
65437 451 54
65434 450 54
65434 447 54
65433 444 56
65437 448 56
65433 448 57
65435 447 54
65435 447 56
65433 446 55
65434 448 55
65433 446 57
65434 446 55
65432 446 57
65435 447 55
65434 445 57
65436 447 55
65434 445 57
65434 449 57
65432 448 55
65436 448 54
65432 453 55
65433 446 56
65435 447 56
65435 449 55
65435 447 56
65436 450 58
65432 446 56
65436 446 52
65436 450 56
65434 449 57
65435 446 57
65435 449 56
65433 450 57
65431 449 55
65433 446 56
65436 447 58
65434 450 56
65435 450 56
65437 447 52
65435 447 56
65433 447 57
65434 445 56
65435 449 58
65435 449 58
65436 447 56
65436 449 55
65436 449 55
65436 449 55
65436 450 54
65435 447 54
65434 448 54
65433 448 54
65433 448 56
65431 448 55
65433 447 55
65434 447 55
65433 447 58
65434 444 58
65436 446 53
65434 445 57
65431 449 55
65437 450 54
65434 447 55
65434 447 55
65437 450 55
65431 447 53
65433 450 56
65432 447 57
65435 449 56
65435 447 56
65433 448 54
65436 447 55
65433 445 56
65434 451 55
65437 446 55
65436 448 54
65436 448 55
65435 448 54
65434 449 56
65435 446 57
65433 446 56
65433 450 57
65436 448 55
65435 445 56
65435 447 55
65432 448 57
65435 445 55
65434 446 56
65434 449 55
65433 447 54
65431 449 56
65435 446 54
65435 446 55
65436 448 55
65431 447 56
65435 447 55
65432 449 55
65433 448 55
65436 450 55
65435 448 57
65435 451 53
65434 445 56
65435 449 54
65436 449 54
65432 447 55
65434 447 57
65437 446 54
65431 447 53
65435 449 55
65436 446 55
65435 448 57
65433 448 56
65432 449 56
65434 446 54
65434 448 56
65435 448 56
65434 446 55
65433 446 55
65433 448 54
65433 447 55
65435 446 56
65437 448 57
65433 446 55
65435 449 57
65433 448 56
65433 450 57
65435 446 55
65433 446 56
65433 448 55
65431 449 54
65433 448 56
65433 445 55
65435 445 53
65434 447 57
65435 449 55
65433 449 57
65435 447 52
65436 445 54
65434 447 55
65433 447 56
65435 446 54
65433 449 56
65433 449 55
65434 451 53
65433 450 55
65435 448 57
65435 447 55
65432 447 56
65435 447 55
65434 446 55
65434 450 57
65435 446 55
65435 447 54
65435 448 53
65434 448 54
65432 447 54
65432 448 56
65438 446 55
65433 444 57
65432 447 57
65434 448 53
65436 447 55
65434 448 54
65431 448 58
65432 450 54
65435 445 56
65435 446 57
65435 446 57
65437 448 55
65435 447 57
65436 446 55
65435 445 56
65433 450 55
65432 448 55
65432 448 56
65436 446 58
65435 446 56
65433 447 57
65435 447 54
65434 447 54
65437 447 55
65432 447 55
65436 446 54
65433 447 56
65435 447 55
65436 447 54
65434 447 55
65434 448 54
65435 448 56
65435 449 55
65436 449 57
65434 449 54
65435 446 55
65436 446 55
65435 449 57
65434 449 56
65434 447 57
65434 448 56
65437 449 56
65432 448 56
65433 445 55
65435 448 57
65435 446 54
65434 449 55
65434 446 53
65435 446 55
65435 446 55
65433 448 56
65435 448 55
65434 446 58
65434 446 54
65435 448 56
65432 447 59
65431 447 55
65434 446 56
65434 445 55
65431 450 54
65433 449 57
65434 445 54
65436 446 56
65436 446 59
65437 447 56
65436 445 54
65434 446 55
65435 448 56
65435 444 56
65436 445 57
65434 445 57
65432 449 54
65437 449 56
65431 448 56
65433 450 55
65432 447 56
65430 447 55
65434 446 54
65436 448 56
65435 446 55
65433 445 57
65433 445 56
65434 447 56
65436 448 55
65431 449 56
65433 446 56
65433 445 53
65432 446 56
65433 448 55
65433 447 55
65435 445 56
65433 447 54
65433 449 55
65434 446 57
65433 449 57
65434 450 54
65435 446 57
65435 447 56
65433 447 56
65434 447 55
65435 449 54
65435 447 54
65435 448 55
65435 448 57
65435 448 56
65435 450 56
65432 447 55
65435 447 57
65433 447 58
65437 447 54
65432 449 56
65434 448 55
65434 447 58
65435 449 57
65431 446 53
65434 446 55
65433 447 57
65433 447 57
65433 446 56
65434 450 56
65434 445 54
65434 445 54
65435 445 56
65437 448 56
65435 449 54
65435 445 57
65435 449 55
65433 445 54
65433 450 56
65433 447 56
65433 447 56
65434 449 56
65435 450 56
65435 447 55
65435 449 59
65434 449 56
65432 448 54
65434 448 54
65435 446 57
65435 448 56
65433 446 52
65435 449 57
65433 446 56
65433 448 54
65433 448 56
65433 448 56
65433 447 56
65433 447 56
65431 446 52
65435 448 56
65433 447 57
65435 447 56
65435 449 57
65437 448 55
65436 447 54
65432 445 55
65433 449 54
65433 446 57
65435 450 57
65433 449 56
65435 448 57
65433 448 56
65435 449 53
65436 446 54
65436 448 54
65435 445 56
65434 452 56
65435 452 56
65432 448 57
65433 447 56
65436 447 56
65434 449 56
65436 448 56
65433 449 55
65435 448 55
65432 446 54
65435 448 56
65435 448 56
65433 450 54
65434 447 55
65437 447 54
65433 447 57
65431 448 56
65437 446 55
65436 446 57
65435 447 56
65433 447 55
65436 449 56
65433 449 54
65433 449 54
65437 447 57
65435 446 56
65435 447 56
65434 448 58
65432 453 53
65432 453 53
65435 444 55
65432 446 54
65433 451 55
65433 451 55
65432 446 57
65434 449 56
65434 449 56
65433 448 54
65433 448 54
65438 448 56
65435 450 57
65435 447 54
65435 447 54
65436 447 57
65435 447 53
65434 448 55
65435 449 55
65433 446 58
65434 448 56
65430 448 54
65435 448 54
65434 445 55
65434 450 56
65432 447 53
