352 16 15664
256 80 15680
336 48 15616
416 64 15648
368 32 15632
384 16 15584
384 16 15632
432 48 15568
400 64 15616
304 96 15616
368 48 15600
-16384 -21503 -16896
352 0 15584
336 32 15632
320 128 15616
352 32 15568
400 64 15616
352 32 15600
304 16 15584
448 32 15632
400 48 15648
320 32 15632
384 144 15728
384 112 15696
304 0 15616
336 16 15616
368 32 15632
288 80 15536
288 16 15600
384 32 15616
304 96 15648
336 80 15696
288 16 15664
352 80 15568
304 48 15616
320 80 15552
368 -256 15424
336 208 15744
528 64 15600
880 1312 18832
384 176 15840
352 208 15440
368 304 15744
320 80 15696
384 -16 15696
368 240 15792
368 224 15680
384 96 15760
368 16 15584
352 80 15712
400 64 15680
336 96 15744
336 48 15504
368 -64 15488
352 -112 15296
384 0 15584
400 -64 15648
416 64 15536
352 -16 15584
400 288 15728
352 64 15536
384 48 15584
368 32 15648
336 16 15568
304 64 15568
352 144 15696
336 48 15584
352 -48 15648
384 80 15520
416 112 15712
384 80 15680
208 16 15536
272 64 15696
272 192 15808
240 128 15696
224 -80 15520
352 -48 15504
448 48 15744
384 64 15664
464 96 15632
544 -64 15536
496 32 15680
400 48 15616
336 80 15616
304 112 15632
384 32 15664
288 -48 15568
256 112 15744
416 16 15616
272 -32 15616
752 16 15776
0 64 16032
1648 -496 15360
576 208 15600
176 560 14688
960 -1104 16576
512 592 16048
0 0 16112
320 -736 15536
-96 -624 15664
-16 224 15792
160 400 15840
160 640 15712
656 544 15568
416 432 15808
448 512 15536
592 912 15360
432 1648 15632
384 2432 15520
416 2368 15152
528 1888 15360
384 1312 15440
384 1872 15440
288 2960 15392
128 3632 15216
592 3536 15456
496 2400 14832
672 3040 16624
144 2368 15312
-192 4096 15472
-864 5072 15504
16 4208 15296
1280 2672 15280
1232 1536 14944
528 2640 15920
976 3024 15232
304 4144 15840
752 3840 14832
992 3680 15312
1616 2640 14976
1632 2896 15328
1968 3184 15040
1264 4016 15120
1184 4448 15088
1376 4704 15152
1296 4736 15184
1504 5008 15104
1200 5376 14912
1312 5760 14832
1120 6272 14544
1216 6288 14384
1232 6144 14368
1152 6064 14256
1072 5904 14288
1024 6688 14336
656 7600 14000
1088 8304 13856
1088 8240 13648
1440 8240 13360
1152 8656 13296
944 9024 13216
1120 9200 12928
1040 9232 12864
1008 9632 12896
992 9936 12560
1216 10208 12384
1392 10528 12016
1264 10848 11728
1360 11312 11296
1392 11376 11056
1232 11648 10944
2336 11232 10320
1552 11872 10192
2064 12960 10096
2096 13216 9888
2144 12976 9664
1872 12608 9440
1472 13008 9152
1552 13792 8736
1296 14096 8080
1968 14256 8160
1712 14288 7664
1520 14464 7360
1600 15232 7216
1408 14864 6784
1488 14560 6608
1152 14640 6160
1376 14992 5632
1552 15568 5200
1680 16256 4768
1888 16176 4496
1824 15808 4176
1568 15664 3824
1552 16128 3728
1360 16384 3344
1760 16560 3056
1664 16368 2528
1856 15936 1888
1680 16528 1376
2208 17328 1072
8202 479 62
2176 17040 192
1664 16560 0
1376 16624 -272
1184 16832 -400
1184 16800 -624
1376 16704 -768
1504 16768 -1152
1504 16768 -1728
1488 16912 -2112
1664 17008 -2448
62 363 27
1648 16528 -2912
1568 16928 -3104
1776 16800 -3520
1888 16640 -3568
1568 16544 -3648
1776 16624 -4176
2352 16496 -4688
1760 16496 -5184
1600 16496 -5408
1600 16672 -5536
1696 16608 -5424
1552 16048 -5472
1488 15856 -5584
1440 15968 -6416
1456 16352 -6384
1728 16240 -6752
1696 16288 -6960
1360 16064 -7152
1424 15760 -7216
1488 15808 -7472
1424 15888 -7712
1392 15760 -7920
1440 15440 -8272
1200 15760 -8304
1264 15408 -8640
1200 14864 -9024
1248 15136 -9136
1072 15936 -9040
1264 14576 -9632
1184 14176 -9824
944 14240 -9824
800 13904 -9952
704 13872 -10480
688 13888 -10672
752 13360 -11440
608 13632 -11712
720 13440 -12112
1136 12976 -12352
960 12912 -12576
768 12384 -12832
752 12144 -13104
624 11648 -13296
784 11952 -13488
576 11728 -13760
400 11264 -14112
720 10368 -14288
560 10128 -14176
1232 9696 -14496
416 10768 -15328
112 10320 -15856
432 9280 -15776
384 8640 -15920
432 8000 -15808
528 7712 -15536
208 7536 -16656
32 8128 -16704
-64 7344 -16944
128 6448 -16864
368 5888 -16640
28160 24323 29184
0 4672 -17392
-240 4640 -17440
-112 4288 -17568
48 3696 -18064
-304 3392 -17936
688 1488 -19024
208 1760 -18304
496 624 -18896
352 1008 -18576
-320 1312 -18272
80 560 -17936
144 -96 -17568
128 -864 -18240
-480 -1248 -18576
-80 -1328 -17920
-32 -1872 -18064
-256 -2400 -18192
-240 -3104 -17888
-592 -3568 -17968
-864 -4304 -18576
-432 -3344 -17952
-352 -3680 -17120
-368 -4592 -17792
-720 -4416 -19072
-976 -4288 -17904
-528 -4160 -16608
-592 -4912 -17264
-304 -4544 -17232
-880 -5504 -17312
-352 -5136 -17104
-784 -5360 -17376
-1456 -5920 -16928
-1360 -6080 -17360
-976 -6176 -16544
640 -6096 -16864
-464 -6720 -16768
80 -6752 -16688
-816 -6752 -16224
-304 -6496 -16608
-160 -6992 -16368
240 -7424 -16544
384 -7536 -16800
496 -8176 -16544
64 -7184 -16256
-336 -7456 -16304
-528 -8384 -16496
1232 -8592 -15184
-272 -7568 -16496
-608 -8448 -15840
-848 -8240 -15776
-688 -8448 -15680
0 -8800 -15920
272 -7936 -15056
-272 -9232 -15648
336 -9184 -15824
-656 -8864 -15120
-160 -8624 -15072
-272 -9648 -15888
-192 -7760 -13760
128 -9152 -15552
-16 -10176 -16528
-400 -8992 -15424
-112 -10464 -16544
-1232 -9984 -15200
-800 -8112 -14624
-384 -8544 -15824
1584 -7472 -15712
-928 -9776 -15744
-2128 -10048 -15472
-1968 -9088 -15312
-976 -8928 -15488
368 -9088 -16080
176 -9120 -15792
-1104 -9008 -15504
-2816 -9744 -15856
-1584 -9536 -15504
-1088 -8944 -15040
-1088 -8928 -14608
32 -9264 -14624
-704 -9760 -14592
-496 -10352 -15472
-912 -9712 -14928
-1312 -10592 -15728
-912 -9648 -14912
-592 -10400 -14528
256 -10592 -14160
208 -10928 -15056
-928 -10608 -14576
-880 -10208 -14384
-1280 -9952 -14736
-1536 -10288 -15376
-864 -11968 -14656
-528 -11808 -13760
-54 832 -10432
-960 -11440 -13776
-624 -11696 -13968
-208 -11808 -13168
-192 -12944 -14448
-768 -13728 -14608
224 -13248 -14336
2016 -11072 -13168
320 -12208 -13024
512 -12496 -11808
1120 -13392 -11104
-960 -14320 -10256
2416 -15456 -10624
1888 -14784 -9776
896 -13136 -9312
944 -13872 -9104
992 -13856 -8784
752 -14128 -8544
368 -13408 -8112
576 -14336 -7744
720 -15328 -7872
928 -15824 -7712
992 -16048 -7632
1216 -14832 -7168
2561 -5888 8195
1584 -16704 -7568
1136 -16480 -7328
896 -16736 -7200
560 -16544 -6960
1120 -16192 -6384
1280 -15920 -5632
864 -15488 -4736
1232 -16240 -4736
896 -15024 -3936
1664 -16832 -3968
864 -16752 -3376
1632 -17584 -3440
1056 -17776 -3680
1088 -17728 -3168
1072 -17216 -3184
1104 -17040 -2976
512 -16320 -2208
2960 -16512 -1376
2400 -16864 -1744
1776 -16896 -656
2944 -15328 128
2432 -16320 -144
1904 -17328 -384
2000 -16352 64
1840 -17728 448
1968 -17488 240
2064 -16304 80
1344 -16128 64
704 -17184 80
1584 -16384 304
1216 -16560 208
656 -16624 -176
768 -17184 -400
928 -17216 -288
1312 -17488 48
1184 -17296 32
-432 -16960 -96
320 -16240 544
784 -16208 576
896 -16912 944
752 -16928 1200
976 -16592 1520
1136 -17088 1456
704 -17248 1952
1088 -16976 2352
1024 -16384 3104
1392 -15808 3520
1632 -15568 4112
672 -15824 4352
1488 -16288 4384
1344 -15840 4928
976 -15728 4944
1680 -15600 5216
1216 -15248 5264
1088 -14560 5680
1952 -15520 5664
1488 -15856 5728
1184 -15600 6256
1424 -15024 6864
1136 -14560 6992
1312 -14736 6800
1088 -14400 7152
1184 -14576 7520
1264 -13808 7920
1504 -13856 8144
896 -14512 8400
944 -13552 8944
1072 -12880 9312
1136 -12864 9648
944 -12688 9824
1456 -12848 10016
1904 -12800 10304
1392 -11696 11408
1504 -10432 11552
1312 -10688 12144
1312 -10480 12240
1488 -9856 12736
1712 -10112 12464
1888 -8800 13280
1936 -9088 13072
592 -7664 13904
960 -7504 13536
224 -5200 14624
2000 -6304 13920
1680 -8416 13792
1968 -8000 14352
1488 -5744 15376
1232 -4608 15408
592 -5696 14688
752 -5440 15024
1440 -5584 14752
1744 -4752 14576
1312 -3264 14992
1376 -3248 15040
336 -2848 15136
192 -416 15728
-1408 -224 16352
-224 -1424 14672
992 112 15376
576 544 15120
896 368 15104
112 2208 15744
-64 1520 15296
528 944 15200
16 1680 15552
736 1024 15280
1216 1616 15536
1136 2336 15424
960 1552 15536
848 2064 15728
608 1184 15840
656 1632 15904
416 2352 15920
240 3664 15872
384 2832 15648
1088 1104 15008
1632 -96 15408
2112 160 15056
1712 1184 15776
448 2704 14800
1920 2512 15600
1280 3616 16672
688 1344 15296
-384 2208 15856
128 880 15072
320 816 15872
1072 720 15872
1072 2336 15968
944 3008 15344
880 2304 15632
-208 2000 14896
-672 1744 15040
-976 1664 15232
-1456 480 15328
-1440 -192 15312
-2192 336 15568
-2032 864 15824
-2912 1648 15552
-2992 1840 15216
-3776 1664 14944
-4368 1856 14896
-4992 1472 14608
-5152 1600 14336
-5552 1680 14160
-5856 1536 14528
-6112 1120 14432
-6112 928 14144
-6864 1152 13760
-7456 1744 13376
-8144 2096 13040
-8624 2208 12624
-8704 1600 12240
-9680 2112 11984
-9920 2048 11856
-10496 1728 11504
-10640 1648 11344
-11040 1488 11008
-10912 1136 11184
-10672 800 10800
-11312 1088 11024
-11360 1504 10320
-11760 1168 10000
-11424 1920 10896
-12368 992 9456
-12880 288 9584
-12432 1072 9520
-12144 2048 9536
-11616 2304 10272
-12928 688 9184
-12992 -256 8416
-13952 480 8768
-12768 1920 9088
-13024 1472 8064
-12704 1040 8608
-13392 928 8192
-12832 1824 8528
-13344 1104 7600
-14192 336 7360
-14048 384 7536
-14288 512 6464
-14000 688 6624
-15040 1088 6384
-13936 832 6016
-13888 176 6336
-14224 -224 6080
-14480 208 6288
-14464 0 5728
-14944 304 5152
-15072 128 4688
-14928 -592 4224
-15568 -1520 3120
-15744 -1984 2880
-15680 -2016 2560
-15728 -1376 2272
-15712 -1328 1856
-15872 -1600 1552
-16048 -1328 1216
-15824 -1232 928
-16032 -1568 544
-15920 -1888 368
-16480 -1392 48
-16096 -1392 -176
-16096 -1104 -800
-15840 -976 -976
-15904 -976 -1344
-15936 -640 -1744
-16208 -1232 -2528
-16208 -1728 -2624
-16032 -1600 -2624
-15808 -1520 -2816
-15776 -1600 -3296
-15696 -1376 -3376
-15696 -1264 -2608
-16464 -1328 -4560
-15840 -1472 -4320
-16016 -1408 -4736
-16048 -1456 -4832
-16032 -1056 -4880
-15520 -1088 -4928
-15488 -1216 -5200
-15168 -1312 -5280
-15568 -1200 -5520
-15584 -1424 -5712
-15584 -1200 -6064
-15648 -880 -5696
-15152 -848 -5520
-15328 -736 -5760
-15456 -864 -6112
-15904 -912 -5680
-15040 -1488 -6000
-15776 -544 -6016
-15824 -592 -6384
-15680 -576 -6400
-14832 -1184 -5936
-15200 -864 -6256
-15488 -736 -6240
-15744 -720 -6432
-15488 -608 -6336
-15088 -656 -6208
-15376 -480 -6096
-15200 -480 -6464
-15744 -192 -6480
-15280 -512 -6080
-15664 -368 -6384
-15888 -592 -6416
-14976 -320 -5344
-15056 352 -5584
-15296 1824 -5552
-15248 1056 -6288
2562 10752 23040
-15568 1248 -6832
-15712 960 -6688
-15504 -288 -7216
-15520 -720 -6944
-15056 -1376 -6560
-14848 -576 -6384
-15664 -80 -7328
-15456 -416 -6800
-15040 -160 -7392
-14848 -688 -6544
-15904 -768 -7296
-15360 -1312 -6976
-15008 -1024 -6864
-14832 -1296 -6880
-14512 -1728 -6768
-15280 -1664 -6864
-15632 -1792 -7280
-15952 -1760 -7552
-15088 -1456 -7184
-14528 -1200 -6736
-14256 -1584 -6800
-14624 -2144 -7200
-14640 -2112 -7392
-14832 -1440 -7072
-14528 -1616 -7184
-14544 -1600 -7088
-14544 -1504 -6800
-14240 -1568 -6944
-14896 -1392 -6800
-14960 -1920 -7408
-13712 -1968 -7648
-13840 -1856 -7872
-13552 -2128 -8640
-14336 -2224 -9008
-14112 -1920 -9264
-13776 -1440 -9728
-13792 -1232 -10528
-13632 -1648 -10896
-13008 -1968 -11136
-13056 -2304 -11488
-12800 -2016 -11744
-12304 -1824 -11952
-11856 -1776 -12288
-11616 -1712 -12672
-11344 -1808 -12912
-10800 -1856 -13248
-10800 -1840 -13520
-10624 -1856 -13952
-9808 -1760 -14496
-9584 -1760 -14480
-9408 -1856 -15072
-9184 -1936 -15232
-8480 -1840 -15520
-8064 -1728 -15632
-7648 -1888 -15840
-7536 -2128 -16000
-7168 -2432 -16384
-6976 -1872 -16304
-5744 -1920 -17056
-5520 -1808 -17216
-4720 -1920 -17232
-4320 -2256 -17040
-3696 -2432 -17632
-2912 -2368 -17648
-2640 -2288 -17648
-1632 -2416 -17760
-1184 -2160 -17808
-576 -2240 -17856
128 -2064 -17888
800 -2160 -18512
1952 -2096 -18112
2240 -2176 -17952
2576 -2416 -17792
3344 -2416 -17744
4224 -2096 -17616
5392 -2048 -17632
5968 -2000 -17424
6896 -1968 -16464
7728 -2256 -17040
7792 -2176 -16304
8480 -2304 -16032
8992 -2176 -15552
9968 -1856 -15264
11232 -1856 -14752
11456 -2000 -13984
11904 -1552 -12912
12352 -1984 -12592
13280 -1760 -12368
14096 -1568 -11792
14496 -1856 -11104
14992 -1184 -10096
15136 -1728 -9952
15024 -1904 -9328
-91 -82 15200
15888 -784 -7648
16016 -816 -6608
16400 -1088 -5808
16736 -1360 -5072
16752 -1584 -4720
17296 -1296 -4096
17200 -1600 -3664
17232 -1392 -3488
17648 -336 -2224
17488 -432 -1392
16992 -592 -496
16448 -1168 640
16320 -1248 1072
16192 -976 2096
16288 -448 3088
16336 -304 3312
16400 -160 3712
16368 -368 4688
16064 -1056 5072
15888 -1184 5888
15152 -1072 6736
14848 -448 7648
13952 -720 7840
13280 -1040 8592
12608 -240 9456
12288 0 10320
10768 -368 10800
10464 48 11328
10432 0 11888
10400 -368 12272
10224 -480 12736
9712 -416 12880
9120 -336 13200
8112 -1056 13152
7712 -752 13744
-7936 -20736 25601
6080 -1552 14192
5936 -1280 14576
5472 -1328 14480
5296 -1360 14976
5424 -1632 15312
5120 -1168 14864
3792 -1120 14528
3520 -656 14752
3216 -1024 15216
3040 -1616 15696
2768 -2080 15296
2320 -2480 15824
1520 -2528 15696
1664 -1456 15312
320 96 15488
-1760 1488 15296
-3120 2192 15344
-3376 1328 15488
-2544 -160 15376
-1296 -2336 16256
848 -4576 15376
1712 -5440 15424
-17665 -24319 -13054
-480 -1312 15360
-1872 -368 15376
-3264 -384 15120
-3296 -752 14992
-2496 -1648 15152
-944 -1920 16624
-1648 -2784 14512
-1200 -2240 15424
-1024 -544 15280
-2560 848 15536
-3232 1136 15440
-3328 -96 15152
-2784 -1408 15232
-1472 -1664 15648
-1168 -1312 15792
-1136 -528 15584
-1456 880 16032
-2432 1952 15392
-2816 560 15632
-2368 -256 15120
-1088 -720 15472
-384 -1200 15616
112 -768 15712
16 -464 15520
-432 368 15520
-544 368 15728
-384 32 15360
-528 -560 15264
144 -896 16240
-272 -224 15872
-528 -80 15616
-592 -32 15536
-752 -240 15648
-624 -368 15616
-928 -160 15424
-672 -288 15392
-496 -400 15152
-272 448 15616
-416 448 15808
-176 288 15632
-240 432 15600
-16 480 15520
288 720 15712
640 -48 15568
576 -192 16432
1520 752 17472
2032 784 16320
1952 336 15600
848 96 15440
320 -112 15392
272 16 15360
448 528 15488
1008 784 15504
1392 816 15632
80 192 16016
128 752 15648
-64 1600 15712
16 2096 15696
-432 1024 15680
-592 256 15808
256 544 16048
192 736 15824
752 1168 15696
896 1056 15408
448 384 15408
-832 -1312 16016
64 176 15680
96 1024 16272
32 1024 15984
-640 800 16496
-384 320 15856
-912 96 16848
272 720 16256
208 1376 15952
928 1312 16480
1104 480 16432
752 464 15504
384 928 15744
96 288 15760
224 -368 15616
880 -128 15216
32 96 15184
-608 976 14992
-528 1232 15360
608 1120 15072
928 -144 15152
288 -800 14896
320 128 15072
-480 160 14672
-896 592 15392
-1408 336 15600
-1312 672 15152
-1056 624 15408
-864 432 15616
-608 224 15728
-128 256 16160
0 608 16416
-416 576 15600
-176 288 15744
32 384 15824
-80 304 15440
32 1216 15648
512 688 15168
688 -736 15440
1472 -1008 15408
1872 -784 15776
-20735 -768 6400
1408 -784 15520
1232 -320 15264
1072 -208 15216
1632 -240 15248
1344 -752 15312
1392 -624 15408
1296 -160 15904
1184 480 15904
1072 224 15312
1184 16 15776
1168 -96 15120
576 -448 15472
480 -560 15344
704 -48 15472
352 0 15344
144 -288 15424
288 -272 15568
368 -512 15488
544 -528 15744
384 -160 15520
768 -48 15536
592 -128 15312
416 -400 15696
48 -848 15488
-32 -992 15584
-128 -256 15344
-256 32 15376
-464 160 15296
-736 -384 15472
-848 -288 15168
-832 -656 15424
-272 -640 15536
-176 -224 16048
-48 240 16032
-96 592 16096
-28671 -4034 16394
384 656 16464
192 432 15808
480 128 16032
-272 -80 15808
256 416 15520
96 560 14848
-464 48 15216
-832 -144 15248
-160 752 15424
32 368 15344
-32758 225 599
592 464 16832
640 912 16176
288 1280 15856
640 2096 16096
1600 1824 16192
1184 496 14816
2288 1248 16256
3264 1328 15168
3968 1104 14320
4320 2128 15392
599 724 21
5568 2496 14224
6880 2848 14192
6800 2352 12944
8288 3088 12624
8848 3984 12672
9872 3952 13408
9456 2832 12448
10256 1808 12768
9936 688 11728
10656 -1344 12032
10864 -2176 11856
11504 -2848 10832
11728 -3280 11072
11648 -3648 11520
10800 -3232 11680
10720 -3728 12096
9712 -3232 11648
8736 -3280 11872
7920 -4432 12448
6384 -5376 13232
5024 -5056 12880
3264 -5424 13168
1008 -6368 13696
-48 -7328 13552
-832 -7872 13552
-1392 -7184 13424
-3680 -7920 12768
-4912 -6688 12944
-6464 -5888 12240
-7312 -4256 12368
-7792 -2976 12624
-7968 -1008 12240
-9152 -1568 11856
-9936 -1808 11600
-10544 -1360 11520
-11120 -1120 10816
-11872 -400 10256
-11632 288 9792
-12000 448 9376
-12656 1568 8480
-12976 2032 7600
-13520 2368 7088
-13536 2256 5968
-14192 2432 5376
-14816 2624 4688
-15488 3312 3600
-15168 4960 2832
-15056 7024 2048
-14688 7728 1424
-15504 6608 1040
-15680 5696 816
-15984 4272 592
-15808 3440 128
-16000 3696 -608
-15664 3360 -1168
-15840 2832 -1840
-17120 2496 -2544
-17152 2672 -2912
-16448 2032 -1440
-16592 2544 -1920
-15696 2880 -1632
-16288 3440 -1136
-16688 2544 -1712
-16656 1888 -1728
-16192 2560 -2016
-16096 3392 -1776
-15888 3856 -1696
-15824 3648 -1424
-15376 3936 -1360
-15360 4752 -1248
-14944 5872 -1184
-14240 7392 -784
-14448 8048 -368
-14976 8112 -208
-14480 8160 272
-13552 8608 560
-13408 9264 784
-12928 10096 1264
-12784 10464 1536
-12304 11024 1968
-11648 11280 2496
-11424 10944 2656
-10288 10576 2832
-8000 10016 5568
-9008 11728 2880
-9440 12704 3232
-9712 12912 2832
-9264 13408 3072
-8496 12912 3264
-7088 13952 3168
-6320 14528 2864
-6352 16096 2784
-6768 16000 2288
-6656 15648 2448
-5648 14128 2768
-3744 14512 2816
-2928 14560 2400
-2736 16224 1792
-2272 16352 1584
-1744 16544 1280
-1392 16336 672
-928 17232 272
-656 17328 -176
-176 18112 -512
48 16752 -496
224 16256 -768
800 16192 -896
704 16512 -1056
1232 17408 -1392
1648 17504 -1664
1632 17648 -1968
1888 17520 -2048
2416 17600 -2160
2912 17488 -2368
3424 17424 -2192
4352 17472 -2016
4128 17728 -1824
4976 15712 -1792
5056 14752 -1184
5424 14032 -2032
6928 14688 -2352
8544 16768 -2784
9040 16240 -4176
9808 16896 -2976
10304 15248 -2624
10096 13536 -1552
10224 12320 -976
10176 12032 -1040
11360 12256 -448
12000 11632 -2288
11440 12720 -1296
13344 11808 -1472
13024 10784 -704
13072 8784 -448
14160 8784 -432
14592 9168 -1168
15200 8432 -1600
16032 6864 -1504
16816 6176 -1568
16112 6400 -1808
15792 5296 -1616
15712 4736 -2256
16144 4640 -2368
445 601 28
17312 3616 -3488
17296 2384 -3488
16208 2176 -3248
16368 2384 -3088
16624 2112 -4560
16784 2208 -4464
16784 2240 -4368
17104 1648 -4672
16512 1728 -4816
16832 640 -5152
-26 16736 352
16304 960 -5200
16096 528 -4912
16608 128 -5312
16640 -64 -5648
17072 -544 -5824
16656 -336 -5664
16592 -1616 -5904
16944 -1776 -6000
17040 -1120 -6256
17088 -1168 -5936
16800 -1664 -6400
16256 -1952 -6080
15488 -2480 -5856
15888 -3232 -5776
16032 -3328 -6160
15344 -2992 -5792
16448 -3680 -6240
15856 -4208 -6000
16096 -4032 -6288
15264 -2944 -5424
15648 -3568 -5712
16512 -4240 -6624
16848 -3984 -6128
16672 -4112 -6256
16976 -3040 -6000
16576 -3184 -6208
16944 -4576 -6272
17072 -4080 -6192
17440 -4944 -6496
15968 -3296 -5840
15984 -4032 -5968
15904 -3216 -5504
15616 -2912 -5296
16976 -3360 -5920
18434 24576 -13311
16480 -1872 -5840
15280 -2320 -5520
15104 -3232 -5472
15824 -3760 -5904
15424 -3504 -5744
15648 -3120 -5664
15856 -3664 -5568
16048 -3120 -4656
16112 -2976 -5376
16576 -4112 -5488
16384 -4352 -5232
16016 -3824 -4608
16400 -4112 -5616
16160 -4032 -5376
15872 -3760 -5328
16128 -3120 -4144
15600 -3936 -6704
16720 -4512 -6176
16592 -4768 -5744
15888 -3776 -5360
15504 -3664 -5776
16752 -3712 -5504
16432 -3984 -5472
16416 -5136 -5648
16512 -4128 -5312
16368 -4752 -5264
15840 -4880 -4736
15968 -4064 -3920
16432 -4960 -4304
15968 -4864 -4288
15088 -6640 -4672
15552 -6704 -3856
15376 -6640 -3824
15936 -8144 -4176
16256 -7936 -3712
15488 -8576 -3824
15136 -8704 -3168
14560 -9056 -2816
14096 -9328 -2400
12928 -8880 -2160
12192 -9680 -2080
11680 -10960 -2416
12000 -11984 -2528
11280 -12784 -3056
11504 -12640 -2848
10528 -13440 -3264
10032 -13104 -3152
9872 -13792 -3552
9472 -14016 -3488
9136 -14720 -3392
8512 -14336 -3440
7840 -14368 -3456
7200 -15280 -3744
7072 -15616 -3584
7056 -15632 -3264
6480 -16256 -3408
5520 -12832 -1536
4864 -15072 -3008
4640 -15680 -3264
328 291 763
3808 -16960 -4112
3888 -16688 -3520
3504 -15728 -3424
2816 -15888 -4320
3808 -15392 -3984
2704 -18064 -4368
3088 -17440 -4896
2608 -16272 -4176
2768 -16032 -3536
2032 -16784 -4048
1792 -17088 -4096
1888 -16880 -3872
1184 -16656 -3536
368 -17376 -3888
-720 -16624 -3904
-1536 -17088 -4208
-2672 -16656 -4032
-3712 -16096 -3904
-4768 -16240 -3728
-5104 -16448 -3648
-5872 -16272 -3328
-5824 -15632 -2576
-6256 -15136 -2528
-6352 -14720 -2208
-6848 -14832 -2144
-7792 -14496 -2064
-8304 -14992 -2496
-8832 -14224 -2688
-9216 -13184 -2432
-9840 -11968 -2640
-9968 -10432 -2464
-10560 -10496 -2256
-10432 -11456 -2304
-10912 -11216 -2976
-11088 -11152 -3408
-12688 -11152 -4544
-13040 -11232 -4784
-13456 -10688 -4880
-12880 -9344 -4416
-12720 -8496 -4416
-12304 -8608 -3856
-13088 -9024 -5360
-13424 -8160 -4992
-13088 -8240 -5648
-13200 -8416 -5904
-13616 -8352 -6288
-14048 -7280 -5984
-14048 -7520 -7168
-13984 -7008 -6752
-14112 -6992 -7760
-13824 -6592 -7408
-14256 -5680 -7504
-14416 -5280 -7424
-14384 -4672 -7536
-14784 -4416 -7728
-14848 -4880 -7488
-15056 -4064 -7072
-15104 -4240 -6768
-15072 -4096 -6480
-14256 -3424 -5968
-14528 -3120 -5600
-15024 -3024 -5952
-14976 -2912 -5968
-14848 -2912 -6128
-15104 -2944 -6096
-15008 -1920 -5936
-15696 -1392 -6208
-15776 -1264 -6288
-15776 -1248 -6176
-15456 -352 -5792
-15232 -384 -6352
7426 -1026 -10496
-15168 560 -5600
-15568 512 -5568
-16304 -624 -6480
-14560 1184 -5344
-15184 448 -6128
-15792 -176 -6048
-15856 -944 -6544
-15600 -944 -6352
-14976 -1696 -5840
-15648 -1424 -6560
-15280 -1520 -6304
-15344 -2048 -7296
-15520 -2528 -6656
-15664 -2864 -6880
-15120 -2864 -6816
-15888 -2704 -7152
-14848 -2640 -6112
-14624 -4064 -6336
-14352 -4192 -6096
-14864 -3728 -6496
-15200 -2400 -6608
-14944 -1680 -6320
-15648 -1472 -6720
-15984 -64 -6976
-15392 -80 -6720
-14960 0 -6304
-14960 512 -6192
-14848 496 -6272
-14880 624 -6256
-15232 192 -6288
-15424 896 -6336
-15472 1264 -6496
-15392 1488 -6416
-15328 784 -3568
-15952 1568 -5456
-15952 288 -5040
-16320 -448 -4288
-16240 176 -4192
-16528 256 -3456
-16016 832 -3008
-15776 928 -2336
-15904 688 -1328
-15760 576 -176
-15680 80 992
-15744 416 1920
-16176 384 2624
-15840 576 3440
-16016 624 4080
-15168 736 4784
-14544 176 5152
-13632 -432 6112
-14224 -1232 7152
-12880 -1648 8416
-12192 -2080 9424
-11648 -2480 10960
-10320 -1728 11488
-8992 -1824 12512
-8304 -2560 13040
-8016 -2848 12960
-6768 -2336 14224
-5408 -2064 14720
-4336 -1376 14304
-4432 -2048 13920
-4784 -2192 14128
-5024 -1168 14240
-5200 64 14384
-4288 -736 14960
-3568 -1728 16464
-2384 -816 15984
-1504 -1424 15952
-1344 -592 16656
-1088 -1360 16592
-2032 -576 16400
-3088 -1232 15120
-2752 -1664 15376
-1456 -2624 14960
-2144 -3792 14800
-2416 -4912 14336
-2176 -4736 13920
-1776 -4640 14576
-1232 -4832 14368
-768 -5600 14320
1360 -6288 14960
560 -5664 14288
-1648 -3632 15040
-2576 -2496 14800
-1616 -3264 15232
-1184 -4432 15152
-1408 -5472 14736
-1952 -3360 14704
-3120 -1456 15248
-2016 -320 16208
-816 -112 16688
-240 -544 16704
64 -1776 15936
992 -2512 15872
1632 -2080 15072
880 384 14608
1888 896 15024
3008 112 15504
1936 288 15504
2144 -992 15248
2048 -944 15184
1984 16 15200
2448 1440 15264
3232 1200 15296
3248 1248 15456
3360 768 15536
2512 400 15264
2032 -208 15120
1392 -224 14992
2000 -624 15376
1584 -1120 15344
1072 -432 15200
1424 -912 15824
1968 -400 15504
2880 -640 15664
2464 -272 15520
1840 -320 15312
2448 -1664 15520
1808 -1296 15264
1312 -576 15472
1728 -640 15632
2112 -832 15504
2176 -544 15472
2384 -240 15488
2512 -608 15392
2176 -432 15440
1792 -288 15216
2688 -1696 15744
2016 -1504 15568
1792 -752 15568
1808 -480 15360
2080 -688 15504
2112 -992 15312
1792 -1040 15440
1952 -1136 15248
1936 -1040 15312
1760 -128 15184
2224 -32 15200
1664 -432 15376
1776 -2000 15472
960 -2672 15408
1472 -3520 15648
816 -2400 15648
224 -1728 15760
160 -2160 15344
-416 -4240 15328
-800 -6192 15248
-1120 -6832 14704
-448 -4592 14384
-48 -4976 14912
-1104 -5376 14240
-1120 -7808 13872
-1680 -8304 13280
-2880 -8112 13440
-2688 -7312 12816
-2736 -9104 11936
-3280 -9024 12784
-4304 -9984 11312
-5200 -8992 11664
-5488 -8320 11936
-7008 -8784 11120
-7360 -8592 12416
-7616 -10064 10800
-6896 -9312 11008
-6576 -8480 11200
-6944 -8240 11120
-7760 -9008 9568
-8672 -8320 10576
-8896 -8224 10176
-9408 -8128 10160
-9584 -8432 9312
-9728 -8896 10016
-9600 -8368 9856
-9728 -8400 9600
-9024 -8800 9696
-8608 -8496 9856
-8976 -7776 9840
-9280 -7936 9616
-9184 -9232 9424
-9232 -8688 9136
-9120 -8784 9296
-9120 -7952 9520
-8960 -8672 9984
-9120 -8592 10016
-8480 -9328 10032
-7968 -9920 9648
-7696 -9936 9616
-7024 -10432 9632
-7344 -10800 9120
-7392 -11664 9424
-7632 -11440 9184
-7920 -10816 9312
-7488 -11088 8624
-6976 -10304 9568
-6320 -10064 9392
-5376 -10432 9776
-5616 -11312 9888
-5888 -10816 9696
-6752 -10048 10048
-6880 -10256 10272
-6240 -10208 11008
-5744 -10096 11440
-4048 -8784 11584
-3088 -9456 12160
-3184 -8640 12672
-2800 -6576 12912
-2224 -5744 13216
-2032 -6112 13824
-2032 -4144 14544
-1776 -3152 15152
-544 -2144 16112
160 -2416 16864
816 -1520 16080
-336 -368 15568
-2448 -2304 14912
-4256 -3216 15152
-5168 -2400 15120
-3536 1856 16144
-2160 1040 15568
-160 3216 16224
1472 4000 16448
2160 1840 16112
2416 1904 15712
2032 2672 15024
1216 2832 14912
-80 1360 14720
-1056 1232 15088
-1536 2192 15216
-1600 2576 15104
-1040 3056 15168
-336 2352 15088
944 1488 15136
2432 -96 14448
4592 688 15472
5184 912 15632
4848 1552 15680
3824 688 15248
3104 1072 15248
2496 736 15104
1856 2400 15312
1248 2576 15472
1248 1024 15168
1280 608 15440
1776 656 14992
2208 1120 15952
3008 496 15728
2848 832 15376
3840 608 15424
3840 208 15136
5024 256 15200
4880 208 15424
4736 32 14656
5040 368 15488
4304 128 15088
4896 1184 15568
5680 1600 14368
6704 2128 14608
6912 2256 13680
8400 1952 14208
8480 1040 14032
8000 272 13536
8144 128 13840
8320 1264 13488
8272 1712 12880
9440 1040 12240
9664 432 11728
11072 224 11904
11456 384 11968
10496 1136 12176
10032 848 12000
10192 1760 12304
10240 1536 11888
10800 -400 11520
11952 -880 11696
11680 0 11296
11424 2016 11472
11424 2960 11712
10672 1408 10816
10960 736 10896
11088 -224 10736
11600 -576 10800
11536 528 11520
10688 -32 12240
9952 1248 12720
8672 1744 13264
8304 2096 13216
9136 2064 13152
8896 336 12944
8848 704 13088
9584 -80 13680
9392 -1936 12416
10000 -2512 12480
9712 -2896 12880
9680 -1584 12624
9248 -2352 12656
9472 -2928 12048
9552 -4240 11744
10464 -5296 11328
11072 -5856 11072
948 559 258
11376 -4976 10176
11152 -4976 9376
10848 -5888 9072
10944 -7360 8784
11648 -7920 8448
11824 -9280 8064
11488 -9152 8208
11984 -8896 8016
11696 -9104 7824
11440 -9312 8080
9792 -9616 8208
9360 -10352 7568
9824 -10704 7488
9504 -11328 7216
9584 -11728 6864
9200 -12064 6576
8640 -12224 6224
8480 -12272 6000
8800 -12240 5760
9008 -12880 5504
8304 -13696 4960
7760 -14000 4768
7504 -14288 4784
7712 -14384 4656
7008 -14768 4544
6480 -14656 4160
5648 -14784 4032
5504 -14560 3856
5296 -15056 3488
5264 -16112 2784
4912 -16368 2624
4672 -16672 2272
4016 -16288 2096
3248 -16368 1440
3088 -16448 1120
3360 -16400 1232
3120 -16528 1040
3360 -16224 1008
2560 -17328 640
2000 -17552 448
1456 -17184 672
400 -17472 672
96 -16944 896
-288 -16672 864
-1088 -16560 1008
-2000 -16528 1184
-2608 -16224 1536
-2800 -16160 1840
-3136 -16512 1648
-3680 -16624 1712
-4112 -16032 1920
-4608 -16144 1968
-5040 -15808 2224
-4832 -15504 2592
-5040 -15728 2672
-6304 -16032 2736
2560 31744 6912
-6592 -15680 3024
-7536 -14144 4064
-7280 -13808 4352
-7312 -13552 4656
-7600 -13376 4816
-7920 -13104 5488
-8240 -12944 5440
-8688 -11840 5920
-9312 -10816 6288
-9936 -10416 6576
-10080 -10160 6560
-10352 -9632 6816
-10736 -9232 7072
-10912 -8784 7312
-11296 -8832 7328
-11440 -8336 7648
-11360 -7712 8000
-11808 -6928 8368
-12176 -6304 8416
-12304 -4944 8784
-12224 -3648 8752
-12592 -2384 8816
2559 -32256 27393
-12800 -992 9104
-12752 -16 9296
-12640 1216 8896
-12144 2640 9184
-12480 3200 8832
-11936 4016 8736
-12032 4832 8848
-10912 5680 7936
-10880 7776 8160
-10160 8272 7936
-10032 10144 7792
-9472 10528 7648
-8432 10720 7520
-8480 11568 7584
-7104 10752 6880
-6576 12896 7120
-5072 12944 5936
-4784 15136 5728
-4528 16112 5776
-4192 14032 5536
-3840 13264 5760
-2928 14384 6112
-1696 15920 5872
-2480 16752 6080
-1040 15936 5088
-352 15504 5120
1024 15920 5248
1456 15504 4544
1872 16400 3936
2240 17424 3888
2944 16656 3472
3664 15584 3264
4480 15104 2928
4960 14928 2192
5968 15888 2384
6032 16512 1568
6256 16464 1424
6976 15456 1232
7712 14832 1088
7744 15232 960
8336 14864 544
9200 14480 208
10592 14048 560
10880 13712 464
10672 13168 272
11376 11824 528
11984 11392 560
12352 11952 256
12912 11312 -112
13040 10016 -48
13552 9712 192
13872 9264 688
14256 8512 848
14480 7632 832
15248 7680 944
15552 8288 1120
15536 7712 608
15584 6624 496
16112 5936 736
16656 4464 848
15856 3632 1072
15936 3040 1184
16240 2464 1440
16672 2752 1456
16288 2448 1344
16960 2768 1312
16912 2624 1120
16880 1456 1088
16864 544 992
17248 368 1248
16928 704 1120
17376 384 1056
17072 -144 960
16976 -672 864
16896 -1216 752
17200 -1424 864
17056 -880 1216
16528 -1312 976
16496 -2688 1040
16656 -2208 896
16864 -1104 960
17040 -1920 592
16736 -2992 656
16688 -2928 528
17440 -2976 640
16928 -3424 464
16384 -2928 448
16832 -3392 272
15984 -2656 144
16464 -2336 -272
16944 -2640 -1072
17104 -3072 -1888
16880 -3360 -2304
16848 -2000 -2384
17424 -1376 -2144
17136 -2480 -2560
15536 -4048 -864
16528 -4128 -3328
16400 -4080 -3648
16336 -4400 -3824
16512 -4640 -3760
16272 -5104 -3952
15728 -5456 -4048
15856 -6144 -4256
15792 -6512 -4240
15760 -6496 -4384
15664 -6128 -4848
15424 -6800 -5248
14768 -7536 -5120
15024 -7776 -5280
14800 -8304 -5088
14208 -9008 -5216
13344 -9792 -5584
12880 -9632 -6368
12384 -10144 -6544
12448 -10432 -6448
11904 -11280 -6560
11200 -11632 -6272
10384 -11904 -6736
9984 -12304 -7792
9808 -14144 -8544
9984 -14208 -8784
8928 -13296 -8048
8960 -11680 -7760
8368 -11728 -7280
7792 -12464 -8736
6608 -13952 -10112
6592 -14144 -10560
6304 -14544 -10720
5824 -14192 -10544
5072 -13472 -10480
4464 -12016 -10416
3824 -12496 -10480
3936 -12720 -11104
3360 -13104 -11232
2848 -13024 -11760
3056 -12304 -11904
3168 -12016 -12096
2640 -12128 -13264
1616 -12416 -13216
1264 -12400 -13520
1408 -11776 -13504
1632 -10928 -13808
912 -10896 -14768
688 -10736 -15344
336 -10080 -15792
336 -9376 -15808
112 -8752 -15728
432 -8384 -16208
432 -8192 -16384
432 -8144 -16352
128 -7696 -16416
384 -7280 -16624
48 -7152 -15904
-28479 -4086 230
32 -6944 -16688
-784 -6752 -17312
-1504 -6016 -17536
-1104 -5232 -17536
-1856 -5616 -17744
-2352 -5152 -17104
-1856 -4496 -16976
-2960 -4992 -17136
-2896 -4640 -16832
-2912 -4976 -17280
-3872 -4544 -16720
-3872 -4000 -16992
-4656 -4592 -17120
-3872 -3600 -16400
-2784 -3616 -15728
-4624 -5264 -16752
-4032 -4400 -16272
-5264 -5440 -15856
-5408 -5888 -15872
-5552 -5424 -15808
-6720 -6000 -15312
-6432 -5472 -14944
-6688 -6416 -14832
-7296 -6752 -14576
-6880 -7216 -14000
-7584 -8288 -13744
-7696 -8880 -13296
-8576 -9424 -12768
-8288 -8448 -11792
-8912 -9312 -11424
-8768 -10816 -10688
-9104 -12016 -10256
-9312 -12224 -9696
-9520 -11232 -8368
-10112 -12160 -7056
-10624 -13184 -5904
-11040 -13120 -4352
-10464 -14720 -3216
-9568 -15088 -2352
-7952 -14736 -176
-8064 -14864 1200
-8176 -14960 2528
-8528 -15168 3760
-8016 -14032 5312
-7072 -13632 6928
500 -6144 -13536
-4704 -12448 10000
-3728 -11408 11232
-2512 -10576 12080
-1472 -8784 12928
-688 -7888 13888
240 -6992 14480
960 -6032 14640
1232 -5456 15120
2144 -3408 15360
3312 -1840 15312
3840 -1664 15024
4256 -1520 14864
4832 -768 14064
5792 688 13888
6800 1504 13232
7504 2192 12032
8896 2800 11536
8864 4096 11136
9328 4592 10912
9616 5264 10400
9840 6432 9872
10256 6880 8608
10480 7872 8048
10880 8528 7424
11648 8640 6272
11904 8432 5440
12384 9200 4704
12240 10528 4048
12512 10816 3200
12992 11072 2704
12464 11136 1776
12064 11584 1376
11680 12368 448
11920 12032 -112
10768 12112 -608
10864 12320 -864
11296 13008 -1520
11472 13808 -1712
10672 13168 -2112
10016 11936 -3200
10736 12096 -3936
10112 13744 -5168
9872 14576 -5856
10704 13296 -6016
10464 12384 -6784
8960 12928 -7328
8704 12752 -7984
7408 12528 -9184
7248 12336 -9904
6928 11664 -10688
6480 12288 -11200
6320 12464 -11888
6544 12048 -12512
5984 11456 -13056
6512 11120 -13120
6192 11776 -13760
5552 11056 -14176
5376 10000 -14768
5008 8480 -15616
5104 8320 -16016
5216 8736 -15840
5456 8800 -15904
4832 7792 -16064
4784 6640 -15296
3648 6112 -15600
2688 7008 -16352
2928 7760 -16160
2416 6448 -16960
2272 4928 -16224
2192 4064 -16608
1632 4128 -16048
416 4624 -16496
192 5440 -17216
32 3696 -17424
-256 3024 -17280
-128 3424 -17280
656 4352 -17952
864 3824 -17424
240 3440 -18256
576 3376 -18176
1488 3840 -18352
1472 4304 -18096
1920 5168 -17088
2176 4592 -17440
1696 5472 -17568
2224 5920 -17696
3056 6032 -15872
3776 6960 -16144
4784 7136 -15840
4560 8576 -15216
6224 10048 -14864
6688 9712 -13552
7792 9456 -13568
8128 8832 -12560
9264 10048 -13456
9216 9552 -11136
10496 8896 -10816
11680 9680 -9760
12144 8544 -9568
13200 7600 -8768
14240 8160 -7824
14032 7936 -7264
15328 7760 -6080
15712 6560 -5184
15392 6192 -4784
15968 5312 -3376
15936 5344 -2208
16080 4960 -2096
16544 4032 -1280
16736 4496 -1104
16640 3904 -432
17280 3760 80
16720 2416 416
16400 2144 720
17104 2304 1568
16160 1536 1616
15456 -32 2128
15984 -496 2912
16688 -1232 3856
15968 -2752 5328
14304 -3808 5376
14080 -4064 5536
14128 -4496 7184
14080 -6016 6848
13856 -7424 6736
13264 -7840 6592
12336 -8240 6640
11600 -8416 6976
10800 -9216 6944
10752 -10592 6576
9888 -11808 6912
9408 -11632 6784
5872 -11584 4960
7296 -13520 6000
6704 -14048 5904
6688 -14320 5840
6096 -14320 5440
5216 -14752 5184
5120 -14736 4944
3904 -15360 4112
3168 -16272 5040
3264 -16320 3568
2800 -16224 3440
2576 -16672 3008
1456 -17120 2256
400 -17008 1776
-1072 -17232 1040
-2176 -16992 816
-1680 -16880 544
-1520 -17616 -224
-2768 -17088 -208
-2976 -17232 -528
-3440 -17104 -768
-3872 -16592 -864
-3936 -16448 -800
-4176 -16576 -752
-4368 -17072 -960
-4992 -17104 -1088
-5440 -16544 -672
-5968 -15872 -288
-6736 -14464 544
-7152 -14752 992
-7936 -13616 1888
-7968 -13776 2384
-8032 -12416 3440
-8336 -12544 4160
-8256 -12496 5152
-8304 -11600 6192
-9072 -11024 7248
-9104 -10048 7776
-8784 -8656 9344
-8704 -8768 9888
-8448 -6768 11040
-7888 -5984 11920
-7296 -5648 12464
-6816 -4464 13216
-5616 -3344 13920
-5200 -3056 14320
-4432 -1920 14176
-3200 -928 14736
-2016 -96 15104
-1632 352 15408
-1440 704 15328
-1264 1264 15216
-304 1600 14784
-608 1408 15200
-112 896 14992
448 880 15520
272 272 15568
704 592 15824
416 256 15632
1552 544 15888
1520 256 15584
1904 -288 15808
1584 -224 16032
1616 -832 16016
1424 -336 16064
1632 -368 15776
1504 352 15696
1728 256 15776
1184 128 16096
1344 256 15792
1824 528 15920
1264 800 16128
1088 -176 16160
352 -128 16128
1152 -240 16000
1472 -464 16496
432 -1584 15552
752 -1184 15408
464 -400 15552
736 -1472 16192
1072 -2352 16336
1680 -304 15344
384 -272 15600
608 -960 15504
1280 -1344 15376
1344 -1504 16176
1072 -1056 15056
1344 -432 15552
1632 -880 15584
1296 -992 15536
1056 -752 15456
1456 -432 15440
1280 112 15632
1184 1056 15776
1232 800 15568
1376 608 15664
1344 368 15632
1328 368 15552
1136 768 15760
1184 1328 15552
1168 1568 15488
832 1072 15536
1424 1040 15696
1456 544 15472
1136 1264 15616
944 1648 15648
1120 1712 15632
1136 1792 15488
1360 2096 15792
848 1632 15600
960 1888 15536
1008 1936 15424
1040 1952 15616
912 2176 15584
-208 3376 15232
688 2464 14880
848 1808 15680
800 1776 15744
624 3680 15792
480 3456 15040
-1088 4304 15376
-224 3760 15232
-624 3536 14736
544 2928 15344
224 2336 15888
624 2288 15552
-80 3424 15072
-400 3184 16992
96 1856 15760
384 2192 15200
160 2976 14784
560 1312 14416
1296 -2640 16432
208 704 15408
528 2464 15856
528 1056 16256
704 1616 15984
544 2064 15312
528 688 15184
416 1136 15120
784 3936 15728
752 128 15744
80 576 15776
864 1568 15024
1360 1392 17664
-2816 336 14448
-16 -208 15648
160 -288 15936
496 1152 15344
96 352 15696
1264 848 16624
240 304 15344
288 720 15632
320 224 15520
448 272 15760
304 656 15648
368 176 15504
336 336 15680
272 480 15616
384 432 15824
80 -64 15552
656 256 15616
208 544 15984
320 448 15568
592 304 15776
416 160 15760
320 128 15648
480 32 15776
352 32 15376
1296 -112 15536
-160 -192 15200
768 336 15792
160 -144 15696
352 144 15600
432 64 15712
608 0 15376
192 -192 15440
336 -64 15520
224 48 15568
256 32 15792
-96 -352 14624
768 -144 15328
496 -48 15472
304 144 15648
336 48 15664
336 96 15696
272 112 15744
320 112 15648
352 80 15696
304 96 15600
288 96 15616
272 48 15648
224 16 15632
320 16 15632
272 128 15616
256 128 15712
336 80 15760
304 96 15632
320 48 15696
320 48 15680
336 144 15712
384 32 15680
368 48 15600
304 48 15648
272 0 15600
288 160 15712
368 16 15536
304 64 15632
288 32 15712
256 -32 15632
320 64 15600
256 80 15568
288 64 15632
320 96 15664
320 48 15680
288 -16 15680
304 32 15616
272 112 15680
288 112 15744
320 32 15552
288 64 15648
256 64 15728
304 80 15648
320 16 15600
336 64 15632
320 48 15616
288 80 15600
304 112 15680
320 48 15696
272 64 15632
