150 562 475
149 560 474
149 562 474
149 564 475
149 564 475
149 563 476
150 562 476
150 562 476
150 562 475
150 563 475
150 560 475
149 559 475
148 561 475
149 560 475
150 559 476
150 562 476
148 560 475
148 563 477
148 564 476
148 564 475
149 565 475
150 566 475
150 566 475
150 566 474
150 564 474
150 563 474
149 561 475
149 561 475
151 561 475
151 561 474
150 562 475
150 560 475
149 563 475
150 564 475
150 564 475
150 564 475
149 561 476
149 561 475
148 563 475
148 564 475
149 564 475
149 566 474
148 566 475
149 566 474
149 566 475
150 565 475
152 566 476
152 566 475
151 566 475
151 565 475
150 564 475
150 564 474
149 565 474
149 565 474
149 563 475
150 561 476
150 563 476
150 561 476
150 561 475
151 560 475
151 560 476
150 564 476
149 564 476
149 566 476
149 566 476
150 565 475
150 565 474
149 565 475
149 565 474
150 565 475
150 566 475
149 565 475
148 563 475
148 565 475
148 562 474
149 564 476
149 566 475
149 563 474
149 562 474
150 561 474
151 559 475
151 561 475
150 564 475
150 563 475
150 563 474
150 564 474
151 564 475
150 563 474
150 562 474
150 564 474
151 563 475
150 563 475
149 564 475
149 565 476
149 563 476
149 565 476
150 565 475
149 565 474
150 565 474
149 564 473
149 565 473
149 564 474
149 564 475
150 566 474
151 567 474
150 566 475
149 564 475
150 562 475
150 562 475
150 564 475
151 564 475
151 561 476
150 562 476
150 560 476
150 561 476
150 563 476
151 563 476
150 563 475
150 566 475
151 562 474
150 562 474
150 561 474
150 562 475
149 564 477
149 564 477
150 566 476
150 563 476
150 565 476
149 562 474
149 560 474
150 561 474
149 562 475
149 564 475
149 564 474
150 562 475
149 564 476
149 562 475
149 562 475
150 561 475
149 560 475
149 562 475
148 563 475
148 561 475
148 562 475
147 559 476
146 559 476
146 560 476
146 562 476
147 564 477
146 566 478
146 569 478
145 567 479
146 567 480
147 566 481
148 565 482
148 564 483
147 565 485
148 567 485
148 567 485
147 566 485
147 566 486
147 565 487
147 565 488
147 567 488
148 569 488
148 570 488
148 572 489
147 573 489
147 573 489
148 574 489
148 575 490
149 574 490
149 571 489
149 571 489
148 573 489
149 572 489
149 571 489
149 570 489
148 570 489
148 571 489
148 573 489
149 574 489
149 573 488
148 571 487
148 570 487
147 570 487
147 569 487
147 568 488
148 567 488
147 569 488
148 570 487
149 570 488
149 569 488
150 567 488
149 568 488
148 566 488
148 568 487
148 567 487
149 567 488
150 568 488
150 568 488
150 567 488
150 569 487
150 568 487
150 567 486
150 566 486
150 566 487
150 566 487
150 566 486
149 568 485
150 566 486
151 565 486
150 563 487
150 563 487
150 563 487
151 564 487
151 566 487
151 568 487
150 565 487
150 565 487
150 564 487
150 562 487
150 562 487
151 563 488
150 565 487
149 566 488
149 567 487
148 565 487
148 563 487
148 563 487
148 563 486
149 564 487
150 563 488
150 565 488
150 564 488
150 564 487
149 565 487
149 565 486
149 566 486
149 566 486
149 566 486
150 566 487
150 567 487
150 566 487
151 564 487
150 566 487
149 565 487
149 567 488
149 567 488
149 566 489
149 563 488
148 562 488
149 564 488
148 566 488
487 0 -18
150 564 487
150 565 487
150 566 488
149 567 488
149 565 488
148 563 488
148 565 488
147 566 488
147 563 488
146 562 488
144 563 489
142 561 489
140 557 490
138 555 492
137 555 493
136 552 494
138 548 495
140 543 495
142 540 495
143 541 495
145 541 495
145 539 494
143 535 495
141 538 494
138 540 493
135 543 492
132 544 491
130 542 489
126 543 488
123 547 487
123 548 485
122 553 482
121 558 480
119 560 478
115 563 476
110 566 474
105 567 473
100 567 471
96 569 470
91 572 469
85 572 467
80 573 466
75 575 466
72 577 465
69 579 465
64 579 463
60 584 461
56 584 459
51 585 459
45 584 458
40 583 457
34 583 456
29 583 455
25 581 454
19 583 454
19828 582 455
-28471 581 453
-17125 581 451
-10592 580 450
16641 -16128 20223
-3567 573 447
-2148 570 445
-1301 571 443
-849 567 443
-569 565 443
-387 559 445
-278 556 446
-210 553 447
-165 549 447
-142 545 447
-127 542 445
-124 540 444
-124 533 443
-127 530 443
-131 527 444
-134 525 443
-137 522 443
-140 520 442
-143 520 441
-144 517 442
-144 516 444
-144 515 446
-143 510 448
-142 507 450
-140 508 452
-137 509 454
-133 509 457
-130 507 460
-126 503 464
-124 498 468
-123 492 471
-123 487 474
-123 481 477
-124 475 479
-125 470 482
-126 459 486
-128 450 489
-131 438 492
-134 427 495
-137 415 499
-140 400 504
-142 384 507
-144 366 510
-145 352 511
-144 337 514
-143 322 517
-141 309 519
-137 295 521
-134 283 523
-132 271 525
-130 258 527
-125 247 528
-121 234 529
-117 223 530
-113 212 529
-109 200 530
-106 188 530
-104 178 530
-101 166 529
-100 154 528
-99 139 526
-100 127 524
-101 116 523
-103 106 521
-106 96 518
-109 85 515
-113 74 511
-118 63 507
-124 53 504
-130 43 499
-137 34 494
-143 8187 488
-148 30232 482
-153 -22606 477
-157 -14315 471
-159 -8724 466
-162 -5560 462
-166 -3419 456
-172 -2075 450
-178 -1297 444
-184 -831 437
-191 -553 431
-198 -378 424
-204 -268 416
-210 -208 407
-215 -180 399
-220 -162 392
-225 -151 385
-230 -148 378
-237 -143 369
-242 -144 360
-247 -145 351
-253 -149 342
-259 -153 332
-265 -159 323
-272 -166 312
-278 -171 302
-283 -175 291
-289 -176 281
-295 -174 272
-302 -174 263
-308 -173 255
-314 -173 247
-321 -173 237
-328 -169 228
-334 -170 217
768 7166 -21761
-347 -158 198
-355 -151 191
-363 -146 183
-371 -139 177
-378 -132 173
-385 -125 168
-392 -116 163
-397 -107 159
-403 -100 154
-406 -99 149
-408 -97 144
-410 -96 138
-410 -96 131
-411 -96 125
-409 -97 119
-410 -99 111
-407 -103 104
-405 -108 97
-403 -114 90
-400 -119 83
-398 -123 77
-394 -128 70
-389 -134 61
-383 -136 54
-377 -143 46
-373 -146 39
-369 -147 35
-366 -149 32
-363 -153 32
-361 -160 37
-357 -166 47
-355 -173 62
-352 -179 80
-350 -180 102
-346 -180 128
-340 -179 158
-335 -164 197
-330 -141 236
-325 -104 276
-319 -16348 312
-311 30424 347
-302 18636 374
-293 11860 392
-286 7645 404
-278 4902 410
-273 3072 413
-269 1978 413
250 29 1039
-264 920 412
-264 723 408
-264 597 403
-264 523 400
-264 478 399
-263 446 401
-264 421 402
-265 405 403
-266 395 403
-265 384 404
-264 373 407
-262 367 410
-257 372 412
-258 371 410
-260 370 408
-260 372 407
-261 372 407
-262 372 407
-262 372 407
-261 370 408
-262 374 407
-261 377 406
-261 378 406
-262 377 407
-262 375 406
-261 374 407
-261 374 407
-261 375 408
-261 377 408
-260 373 407
-261 376 408
-261 375 408
-261 373 407
-262 371 407
-262 370 406
-262 371 406
-262 373 407
-263 374 407
-262 374 407
-263 373 407
-263 375 408
-262 376 408
-262 374 407
-263 373 407
-262 373 406
-261 373 406
-261 371 407
-261 371 406
-261 373 406
-261 373 407
-261 374 407
-262 374 407
-262 372 408
-262 371 408
-263 372 407
-262 373 406
-261 369 407
-261 370 408
-261 372 407
-261 373 407
-261 374 408
-262 372 408
-263 375 408
-262 376 408
-261 377 408
-262 375 407
-262 372 407
-262 374 406
-261 372 407
-261 374 407
-261 376 407
-261 374 408
-261 371 408
-262 371 408
-262 373 408
-262 375 408
-262 373 407
-262 374 406
-262 374 406
-261 373 406
-261 373 408
-260 372 407
-262 375 408
-261 373 408
-262 372 408
-263 373 408
-263 374 408
2560 5121 8963
-262 372 407
-262 373 407
-261 375 408
-261 375 408
-261 376 409
-261 376 409
-262 378 408
-261 375 408
-261 373 408
-262 372 408
-261 371 408
-261 372 407
-261 371 406
-261 372 406
-260 372 406
-260 370 407
-261 373 408
-262 375 407
-262 374 407
-262 373 408
-262 372 408
-261 373 407
-260 374 407
-261 372 407
-261 374 408
-261 373 407
-260 374 408
-260 374 408
-261 373 408
-261 373 407
-262 371 407
-262 373 408
-263 375 407
-262 376 406
-262 375 406
-262 374 406
-261 374 406
-262 375 407
-261 373 406
-261 373 406
-262 374 406
-262 374 407
-263 375 407
-262 375 406
-262 373 406
